100 1000
-7 -19
91 77
100 100
64 60
-11 -1
80 87
69 95
5 46
37 46
25 38
-40 14
-11 35
0 33
-28 54
-19 62
25 84
13 87
-4 87
-16 73
-1 96
-44 75
-24 79
-59 18
-75 72
-54 31
-43 97
-100 100
-97 91
-52 -1
-68 15
-49 -14
-2 -9
-36 -24
-62 -9
-25 -53
-48 -21
-20 -59
-61 -12
-41 -65
-56 -52
-77 -17
-62 -73
-84 -25
-77 -15
-83 49
-93 -20
-88 59
-92 42
-100 50
-94 3
-100 -100
-93 -79
-83 -97
-51 -100
-52 -59
-44 -75
-38 -58
-46 -83
-24 -88
7 -43
97 1
61 -23
92 -13
92 -43
81 -40
84 -42
32 -42
19 -54
52 -43
81 -50
79 -85
69 -58
19 -60
-11 -72
9 -66
26 -77
28 -89
40 -71
47 -98
97 -100
97 -21
100 -100
96 37
79 16
98 57
26 -14
41 -6
46 -1
94 0
84 -5
20 -18
80 -6
21 -21
26 -21
-27 -71
28 -2
74 56
25 0
29 16
16 -1
96 -47
-49 -70
-92 -27
16 51
33 -9
13 -27
12 -7
41 -10
-99 66
52 56
20 10
62 -50
28 -55
-2 -84
55 -53
-49 52
-23 24
-56 -84
5 80
74 1
1 -62
-14 -90
40 -5
-38 0
40 98
-67 11
49 98
-56 6
-34 63
91 27
72 26
-19 79
-43 -20
-18 -81
-39 -73
-40 22
-80 -63
63 28
-75 -57
30 42
40 -34
-98 68
12 -89
5 -35
44 48
-81 12
42 -50
-99 -31
68 -37
67 96
-88 -64
100 28
-49 19
54 -3
-82 97
-49 51
79 24
97 13
-84 -13
-7 15
25 48
-44 -77
-59 83
94 -21
-7 57
-4 0
87 -50
50 19
-42 67
-11 4
-37 38
-23 42
-19 86
30 -58
73 -19
68 -7
-36 5
0 68
24 27
86 47
-84 -48
79 -55
-98 35
35 29
39 -3
75 -22
-85 12
-31 94
45 -40
-51 -73
-38 83
-51 42
-16 94
19 15
-63 32
2 71
80 -1
7 76
-77 92
-3 79
-93 53
-2 -77
46 -2
-75 -40
73 -13
-41 -87
-99 -36
95 -30
81 -23
-73 31
-21 67
31 12
-26 -28
5 -59
5 84
-54 88
-27 -50
-70 -47
64 17
64 13
64 9
25 22
-71 98
-35 -89
47 0
-86 88
-47 -88
51 10
-5 91
8 -95
70 -70
-84 22
94 -11
22 89
-74 -32
-81 -8
-45 78
59 93
32 -11
84 -1
22 73
21 58
37 -89
-2 22
48 92
2 -45
31 56
-84 7
-90 -53
-12 -55
8 4
84 47
58 -71
54 -90
49 31
38 71
-50 -83
-49 -84
-26 17
-46 -15
6 55
16 23
64 -40
-71 -39
-42 18
65 -16
-56 95
-10 -11
-30 -34
72 72
57 43
43 95
42 -91
12 -56
72 -42
-44 66
-17 68
20 -34
63 96
57 80
43 28
-42 16
-98 -44
39 65
27 -42
47 44
-25 38
-35 34
-6 -83
47 -1
-61 11
9 -33
-26 -66
-96 -85
64 -4
-56 94
-78 -50
76 -53
-42 -26
-45 2
16 -36
13 2
-66 81
-58 76
-64 71
-65 9
-35 99
-78 -83
-1 41
-82 2
47 90
-24 41
44 42
-77 -95
-59 10
-20 -79
-46 30
-3 -71
48 -30
-38 65
-66 33
25 22
-34 -93
53 -54
88 -67
-87 -74
13 95
87 -30
73 20
-68 77
-71 -7
-61 -41
87 -81
55 93
-20 -34
36 -68
84 34
64 -32
-87 15
59 -45
-18 99
-75 5
-2 57
-54 -88
62 -43
14 37
-10 -54
63 64
-96 98
-64 -29
-25 70
-65 72
59 -16
48 33
18 34
73 96
41 -78
-77 99
80 67
6 80
-44 27
-87 78
8 77
-23 -4
-96 39
1 75
94 -12
63 7
59 53
67 -49
53 47
88 -56
-63 -90
-94 15
-67 31
50 -20
-30 46
28 86
70 75
2 32
-27 -64
21 30
48 14
-5 94
-1 -59
70 -28
35 11
-54 -79
-66 69
68 -9
-59 9
-60 -20
66 23
-34 -4
75 25
-48 -95
96 -42
24 -97
-70 69
76 14
63 5
85 57
29 59
7 47
49 13
27 67
88 86
7 51
-41 -17
-54 -96
-49 98
47 -25
71 61
-44 34
9 52
23 57
65 51
-9 -83
77 13
79 -62
-83 0
58 56
-89 -51
-53 -20
-21 4
8 33
8 13
15 63
78 72
14 -92
83 42
-91 20
-26 -17
25 -32
-13 0
-67 56
-67 2
6 -22
7 -75
-98 -66
-64 -100
94 -65
79 -85
-55 -62
-5 -4
31 -17
7 -48
-24 78
32 -74
-15 96
80 -52
59 -63
5 30
65 -68
53 -4
91 -51
-45 -1
41 65
67 -83
39 23
-93 91
29 0
77 -10
37 -54
-76 67
20 66
-71 59
-25 -56
-35 -79
54 -67
-28 -7
-40 -10
90 94
61 17
-36 -38
-79 -57
-40 -39
77 93
-98 29
55 36
26 -64
80 24
1 0
-20 80
-98 67
-15 27
23 31
-36 -30
-99 -94
89 5
-65 -97
81 -45
-20 -33
-21 -64
60 16
-66 -14
76 10
33 44
-47 51
-70 -91
-88 -93
12 37
51 72
-26 -11
-49 10
-29 -44
-24 48
57 -47
23 -64
-18 88
-43 98
-67 -90
-28 55
-34 0
7 63
7 2
90 64
-37 -46
34 -4
-40 54
29 -95
-42 5
-64 -5
35 -23
-79 36
-9 -82
-66 90
-72 51
15 22
74 71
77 -96
-21 43
86 60
30 -42
25 -16
-15 -71
97 30
-54 -18
79 -26
57 -29
8 3
93 -93
11 78
92 -45
27 -56
64 37
-19 53
-17 66
-88 38
-22 49
-95 28
20 26
66 -51
29 24
-8 -92
-2 32
-35 -84
-47 -56
58 18
-59 54
-13 -75
-14 36
91 40
84 -76
34 33
-67 94
-13 11
15 -73
88 39
63 71
88 -43
18 -57
91 4
18 94
38 -80
-63 -44
89 31
26 26
-48 13
69 14
-73 56
-59 84
-62 -92
90 13
4 -87
-34 84
-66 -1
62 -68
1 19
22 88
-2 7
-82 -12
-29 0
85 81
87 -83
74 41
79 28
19 -99
72 11
-59 41
26 -22
68 -56
78 1
58 2
48 -23
33 -22
96 -16
-56 76
-98 74
-89 59
50 73
-8 30
53 89
-30 -89
5 3
-4 -21
14 7
-21 -43
-22 83
72 -31
-48 55
49 -43
-49 -83
-13 0
-10 65
-38 -21
98 6
-24 22
-17 -37
-88 -12
-36 -75
52 45
5 -41
-85 -29
6 88
7 -21
88 5
42 -53
-87 72
77 -46
82 -44
18 -78
49 -19
22 74
-71 58
16 18
-42 -50
38 12
-1 25
98 55
38 -45
-48 -47
-10 88
10 -34
-36 -41
-31 6
69 -73
-11 92
7 -64
-24 78
81 -1
-82 -18
-87 10
-4 52
45 94
9 -57
-83 -26
21 -69
-46 24
-66 61
-22 62
-22 -68
10 -48
43 98
51 -6
-50 60
39 69
100 -57
51 -49
86 99
-51 -73
-2 -82
-13 -66
43 -8
-74 1
37 62
17 90
-39 38
-55 -97
-74 -18
31 44
0 47
-93 42
-37 -46
-83 58
52 -80
9 67
5 46
88 -51
-44 -3
14 29
-81 54
-87 -42
10 47
10 -65
-22 -99
80 64
12 27
73 -79
-36 -93
-23 23
73 59
-50 16
78 -70
30 7
-51 -81
25 4
-61 -14
85 36
8 53
-45 11
72 -1
-36 -79
64 25
-96 -61
-54 24
21 -95
-36 77
-60 45
52 60
-4 -44
13 -49
18 -68
-26 48
69 -32
22 50
-45 26
-79 27
-64 -74
-88 -67
-53 3
75 77
-36 -19
69 65
-20 -92
69 -61
85 54
9 7
-36 40
-50 -64
-62 -7
13 10
-31 -40
12 89
5 53
-47 9
87 49
-83 -26
-47 19
13 18
50 61
-27 -79
13 84
-53 -73
49 -47
84 96
-94 37
8 -98
26 -38
37 27
-96 -13
46 22
8 -52
13 -42
48 -82
11 55
83 97
65 -45
-62 -10
-43 38
26 44
25 26
14 13
94 34
-81 45
78 -77
17 93
-15 -16
-64 49
49 11
63 90
20 0
17 19
5 21
92 -6
11 -16
75 71
-42 83
-1 -3
10 -58
-85 61
8 7
-90 -69
-9 -66
-36 55
62 -97
-36 22
-18 -45
-16 48
-69 -84
71 -61
-96 -61
97 -56
65 87
99 72
-29 25
58 -85
-3 -34
34 -86
48 76
-90 38
-78 11
-62 -37
70 32
86 0
-50 -4
8 -87
-28 -7
-87 -16
12 -79
36 35
62 33
-100 78
-60 -78
-26 -55
-59 -17
-70 34
-16 -86
-45 30
-59 17
25 -97
-41 71
25 66
-78 -15
47 -90
-95 -99
47 -81
62 -45
-56 -66
-36 -85
-17 100
-83 -28
-47 71
-73 -35
-40 69
-51 95
-29 50
78 87
87 -12
-70 -20
-61 -13
-26 -73
15 -95
31 3
66 -57
-99 -38
55 93
-29 -83
46 55
-62 -56
-33 93
27 -23
-19 50
98 -80
-61 -60
-88 17
29 12
79 83
69 -15
2 52
-68 -56
8 -98
-22 18
96 95
30 87
19 57
-9 -88
-7 44
-9 -99
13 -41
83 -97
80 9
81 94
18 -21
-13 24
69 -98
-92 -61
60 -22
75 19
-71 -89
49 -39
90 56
84 71
96 -58
-74 4
6 -37
-2 -84
-13 -83
81 -93
-12 -24
10 41
-15 -48
-66 -95
54 50
45 37
-43 94
-71 -93
-65 96
26 -54
63 21
-76 82
70 86
59 93
64 -33
71 61
34 -16
-5 91
32 -7
69 66
-50 -91
45 58
-41 54
-86 28
-100 70
66 -78
55 -9
-11 4
-95 -56
-44 -17
95 -30
52 17
58 89
96 -94
-98 44
91 -96
66 17
95 -57
67 -71
16 1
-75 -69
-56 -94
34 85
-10 -27
-77 -80
-83 54
-81 31
15 55
-3 -28
8 47
74 -70
-50 -35
-42 -98
48 -87
35 -20
39 41
63 2
58 91
-37 28
-94 79
48 -66
28 95
20 6
-25 -87
-78 91
-59 0
-56 -83
-95 -55
-94 76
-82 -68
-4 64
-19 -27
26 -70
-42 94
-47 71
22 92
-84 -38
40 4
-62 -3
-57 52
-79 -32
2 -14
-97 -94
45 98
30 -14
5 -58
2 92
-4 28
3 1
-98 42
-92 -70
50 78
-67 58
-70 -88
23 93
100 20
-29 -35
-92 -18
19 -39
55 -82
86 48
-64 -98
40 11
-12 -70
-16 -10
-38 -38
-40 22
17 32
28 94
-75 -63
-40 -66
-58 36
1 -3
67 74
-86 87
10 79
-20 -25
14 -88
25 -80
-82 -68
-77 -79
-51 -23
-41 23
39 50
-43 12
37 -11
-98 -70
-36 -37
31 49
-75 -76
28 59
-24 52
-77 44
52 35
-26 -51
-6 -62
27 -63
-7 68
82 -47
50 -98
-23 -25
26 -63
31 50
-69 14
-56 99
-22 -77
42 -56
-34 48
-21 23
-14 -14
44 -10
56 37
-77 73
11 99
19 75
-61 -12
36 -18
-77 25
24 -95
-100 39
-24 -76
31 27
-98 -29
82 52
28 36
97 80
50 45
14 90
28 91
-3 -92
19 84
79 6
39 5
90 -35
-56 -69
77 -74
13 13
81 -39
91 -80
21 26
-93 -6
32 -34
63 29
-61 26
-81 1
47 46
-36 -54
32 37
39 -89
-82 9
-88 -17
